0	0.028486013412475586
1	0.034111976623535156
2	0.03474617004394531
3	0.027755022048950195
4	0.028540849685668945
5	0.03032207489013672
6	0.02775096893310547
7	0.027494192123413086
8	0.04022383689880371
9	0.02783203125
10	0.03707599639892578
11	0.034681081771850586
12	0.0299680233001709
13	0.031378984451293945
14	0.028352975845336914
15	0.027572154998779297
16	0.02844405174255371
17	0.030894041061401367
18	0.029706954956054688
19	0.028339862823486328
20	0.028694868087768555
21	0.028419017791748047
22	0.028084993362426758
23	0.02815985679626465
24	0.028225183486938477
25	0.028085947036743164
26	0.03022599220275879
27	0.03143310546875
28	0.028883934020996094
29	0.03346681594848633
30	0.028640031814575195
31	0.028213024139404297
32	0.030120134353637695
33	0.02848196029663086
34	0.02839207649230957
35	0.03025197982788086
36	0.029200077056884766
37	0.028537988662719727
38	0.028402090072631836
39	0.031065940856933594
40	0.02836298942565918
41	0.034651994705200195
42	0.038218021392822266
43	0.03537297248840332
44	0.036271095275878906
45	0.0317230224609375
46	0.0305330753326416
47	0.028625965118408203
48	0.028280019760131836
49	0.028243064880371094
50	0.03074502944946289
51	0.028364896774291992
52	0.028310060501098633
53	0.0287020206451416
54	0.030630111694335938
55	0.02913498878479004
56	0.029158830642700195
57	0.029608964920043945
58	0.029322147369384766
59	0.02944803237915039
60	0.030959129333496094
61	0.0325779914855957
62	0.029525041580200195
63	0.02985095977783203
64	0.029269933700561523
65	0.029217958450317383
66	0.029143095016479492
67	0.029228925704956055
68	0.031139135360717773
69	0.03504014015197754
70	0.029531002044677734
71	0.02927398681640625
72	0.029269933700561523
73	0.029191017150878906
74	0.04247093200683594
75	0.0309598445892334
76	0.034275054931640625
77	0.029742956161499023
78	0.029352188110351562
79	0.029469966888427734
80	0.029361963272094727
81	0.029175996780395508
82	0.02921581268310547
83	0.029489994049072266
84	0.02959895133972168
85	0.02921605110168457
86	0.02923297882080078
87	0.02974987030029297
88	0.02948594093322754
89	0.029552936553955078
90	0.03014087677001953
91	0.03500699996948242
92	0.03437685966491699
93	0.030128002166748047
94	0.03035593032836914
95	0.030789852142333984
96	0.029587984085083008
97	0.029315948486328125
98	0.029206037521362305
99	0.029195070266723633
100	0.029263019561767578
101	0.03101205825805664
102	0.03426098823547363
103	0.033468008041381836
104	0.03505706787109375
105	0.029410123825073242
106	0.03535199165344238
107	0.032792091369628906
108	0.029486894607543945
109	0.030009031295776367
110	0.03251910209655762
111	0.0295259952545166
112	0.029592037200927734
113	0.029541015625
114	0.029100894927978516
115	0.02907586097717285
116	0.029139995574951172
117	0.029150962829589844
118	0.029079198837280273
119	0.029071807861328125
120	0.029138803482055664
121	0.029107093811035156
122	0.02913498878479004
123	0.029128074645996094
124	0.029098987579345703
125	0.02956080436706543
126	0.029262065887451172
127	0.030146121978759766
128	0.03331613540649414
129	0.029377222061157227
130	0.033210039138793945
131	0.02916121482849121
132	0.034136056900024414
133	0.03358006477355957
134	0.03750896453857422
135	0.029619932174682617
136	0.033576011657714844
137	0.03444194793701172
138	0.028254032135009766
139	0.03790998458862305
140	0.028338193893432617
141	0.028453826904296875
142	0.030959129333496094
143	0.03006601333618164
144	0.028302907943725586
145	0.028225183486938477
146	0.028949975967407227
147	0.028792142868041992
148	0.028450965881347656
149	0.028630971908569336
150	0.029011964797973633
151	0.02875995635986328
152	0.029545068740844727
153	0.029205799102783203
154	0.02878594398498535
155	0.028800010681152344
156	0.02851390838623047
157	0.028870105743408203
158	0.028789997100830078
159	0.028362035751342773
160	0.028482913970947266
161	0.028358936309814453
162	0.028280973434448242
163	0.028208017349243164
164	0.02837204933166504
165	0.028569936752319336
166	0.02933979034423828
167	0.029699087142944336
168	0.04122304916381836
169	0.03253006935119629
170	0.03202009201049805
171	0.030816078186035156
172	0.03261685371398926
173	0.03844308853149414
174	0.03197288513183594
175	0.03287100791931152
176	0.03755593299865723
177	0.03001999855041504
178	0.0285799503326416
179	0.02875518798828125
180	0.02932119369506836
181	0.03340911865234375
182	0.028614044189453125
183	0.02909994125366211
184	0.02849292755126953
185	0.028645038604736328
186	0.029104948043823242
187	0.02878594398498535
188	0.028651952743530273
189	0.028528928756713867
190	0.028771162033081055
191	0.028903961181640625
192	0.028599977493286133
193	0.028374910354614258
194	0.028460979461669922
195	0.028187036514282227
196	0.028183937072753906
197	0.028371095657348633
198	0.028137922286987305
199	0.028632164001464844
200	0.029206037521362305
201	0.029907941818237305
202	0.028805971145629883
203	0.028355121612548828
204	0.028565168380737305
205	0.028542041778564453
206	0.03400015830993652
207	0.02919602394104004
208	0.030978918075561523
209	0.029593944549560547
210	0.02834010124206543
211	0.028749942779541016
212	0.02860093116760254
213	0.02821803092956543
214	0.028280973434448242
215	0.028577089309692383
216	0.02860403060913086
217	0.028768062591552734
218	0.03014397621154785
219	0.02924489974975586
220	0.029273033142089844
221	0.028921127319335938
222	0.028338909149169922
223	0.02823805809020996
224	0.02871108055114746
225	0.02853107452392578
226	0.035037994384765625
227	0.034024953842163086
228	0.03690004348754883
229	0.028995037078857422
230	0.028594017028808594
231	0.02990889549255371
232	0.033368825912475586
233	0.028704166412353516
234	0.030410051345825195
235	0.028553009033203125
236	0.029103994369506836
237	0.02892899513244629
238	0.028656959533691406
239	0.028566837310791016
240	0.05373215675354004
241	0.03272294998168945
242	0.032466888427734375
243	0.03040909767150879
244	0.033612966537475586
245	0.03531789779663086
246	0.029568195343017578
247	0.029616117477416992
248	0.02924799919128418
249	0.02861785888671875
250	0.028389930725097656
251	0.028413057327270508
252	0.028352975845336914
253	0.02854609489440918
254	0.028570890426635742
255	0.030017852783203125
256	0.03303790092468262
257	0.028747081756591797
258	0.02852797508239746
259	0.028217792510986328
260	0.028548002243041992
261	0.03036189079284668
262	0.037507057189941406
263	0.03545403480529785
264	0.03605794906616211
265	0.037008047103881836
266	0.04549908638000488
267	0.03419089317321777
268	0.03309988975524902
269	0.02930903434753418
270	0.03038787841796875
271	0.036540985107421875
272	0.03157186508178711
273	0.03236699104309082
274	0.03421306610107422
275	0.031764984130859375
276	0.0322880744934082
277	0.04084205627441406
278	0.031202077865600586
279	0.03361201286315918
280	0.031140804290771484
281	0.033061981201171875
282	0.030225038528442383
283	0.029176950454711914
284	0.030081987380981445
285	0.029771089553833008
286	0.02948904037475586
287	0.029567956924438477
288	0.029806852340698242
289	0.03048110008239746
290	0.0323948860168457
291	0.03001117706298828
292	0.029356956481933594
293	0.02962803840637207
294	0.030109167098999023
295	0.029802799224853516
296	0.031182050704956055
297	0.03571605682373047
298	0.02987384796142578
299	0.029237985610961914
300	0.0342249870300293
301	0.029716968536376953
302	0.04527902603149414
303	0.03127002716064453
304	0.030501127243041992
305	0.03957700729370117
306	0.031286001205444336
307	0.03517603874206543
308	0.029842853546142578
309	0.03200697898864746
310	0.03209400177001953
311	0.029275894165039062
312	0.029096126556396484
313	0.029135942459106445
314	0.031028032302856445
315	0.031074047088623047
316	0.029855966567993164
317	0.029642105102539062
318	0.03020620346069336
319	0.030035972595214844
320	0.029658079147338867
321	0.0321810245513916
322	0.034964799880981445
323	0.02986598014831543
324	0.03383803367614746
325	0.029653072357177734
326	0.030868053436279297
327	0.032379865646362305
328	0.029346942901611328
329	0.029975175857543945
330	0.029160022735595703
331	0.02929210662841797
332	0.029300928115844727
333	0.029308080673217773
334	0.0336759090423584
335	0.030177831649780273
336	0.030172109603881836
337	0.03232908248901367
338	0.030871152877807617
339	0.030043840408325195
340	0.029523134231567383
341	0.030079126358032227
342	0.02973008155822754
343	0.03136587142944336
344	0.03266406059265137
345	0.03269314765930176
346	0.037912845611572266
347	0.034245967864990234
348	0.03523993492126465
349	0.03037405014038086
350	0.02932000160217285
351	0.03217792510986328
352	0.029720067977905273
353	0.029310941696166992
354	0.02903604507446289
355	0.028699159622192383
356	0.028900861740112305
357	0.028939008712768555
358	0.02881908416748047
359	0.02889108657836914
360	0.02863907814025879
361	0.028623104095458984
362	0.030972003936767578
363	0.03799104690551758
364	0.029168128967285156
365	0.02831411361694336
366	0.03443002700805664
367	0.03412890434265137
368	0.02884984016418457
369	0.03573799133300781
370	0.03247404098510742
371	0.03157997131347656
372	0.0318608283996582
373	0.03841400146484375
374	0.03341412544250488
375	0.03344893455505371
376	0.032150983810424805
377	0.03106403350830078
378	0.02933192253112793
379	0.02858591079711914
380	0.02950000762939453
381	0.029038190841674805
382	0.028721094131469727
383	0.02871394157409668
384	0.028591156005859375
385	0.0342099666595459
386	0.03681206703186035
387	0.028400897979736328
388	0.028151988983154297
389	0.028331995010375977
390	0.03223609924316406
391	0.028430938720703125
392	0.02826380729675293
393	0.028738975524902344
394	0.03080582618713379
395	0.03581500053405762
396	0.029840946197509766
397	0.028078079223632812
398	0.035768985748291016
399	0.03227686882019043
400	0.03421902656555176
401	0.0288848876953125
402	0.027751922607421875
403	0.027698993682861328
404	0.028285980224609375
405	0.033213138580322266
406	0.03326296806335449
407	0.02782893180847168
408	0.027585983276367188
409	0.03025984764099121
410	0.02935791015625
411	0.028651952743530273
412	0.028142929077148438
413	0.02890801429748535
414	0.028996944427490234
415	0.027992963790893555
416	0.02787494659423828
417	0.027969837188720703
418	0.028024911880493164
419	0.029798030853271484
420	0.02803802490234375
421	0.027553081512451172
422	0.02766108512878418
423	0.027571916580200195
424	0.027524948120117188
425	0.027502059936523438
426	0.027601957321166992
427	0.02759408950805664
428	0.031217098236083984
429	0.027820110321044922
430	0.027740955352783203
431	0.027926206588745117
432	0.028018951416015625
433	0.03773093223571777
434	0.028944969177246094
435	0.028623104095458984
436	0.03421902656555176
437	0.02852606773376465
438	0.028072118759155273
439	0.028367042541503906
440	0.028003931045532227
441	0.027858972549438477
442	0.027904987335205078
443	0.028306007385253906
444	0.029263973236083984
445	0.028835058212280273
446	0.03164386749267578
447	0.029476165771484375
448	0.028482913970947266
449	0.028196096420288086
450	0.029603004455566406
451	0.03336501121520996
452	0.028476953506469727
453	0.028332948684692383
454	0.02885603904724121
455	0.0281069278717041
456	0.027845144271850586
457	0.027744054794311523
458	0.027766942977905273
459	0.02783679962158203
460	0.02786421775817871
461	0.027675867080688477
462	0.027769088745117188
463	0.03207802772521973
464	0.031996965408325195
465	0.03144502639770508
466	0.029284000396728516
467	0.03184390068054199
468	0.027805805206298828
469	0.027562856674194336
470	0.02764606475830078
471	0.02775096893310547
472	0.02755594253540039
473	0.027776002883911133
474	0.02804708480834961
475	0.03280806541442871
476	0.03683805465698242
477	0.034960031509399414
478	0.030131101608276367
479	0.029638051986694336
480	0.03461909294128418
481	0.028020858764648438
482	0.02809906005859375
483	0.028038978576660156
484	0.02790093421936035
485	0.034085988998413086
486	0.030228853225708008
487	0.02853703498840332
488	0.027848005294799805
489	0.02776312828063965
490	0.02885603904724121
491	0.028596878051757812
492	0.028428077697753906
493	0.028701066970825195
494	0.02865290641784668
495	0.029104948043823242
496	0.03220510482788086
497	0.02923297882080078
498	0.035797119140625
499	0.02864694595336914
500	0.032022953033447266
501	0.03615307807922363
502	0.03350019454956055
503	0.03384113311767578
504	0.03252100944519043
505	0.028621196746826172
506	0.0323178768157959
507	0.030803918838500977
508	0.02838897705078125
509	0.02830791473388672
510	0.028255939483642578
511	0.02828502655029297
512	0.02840709686279297
513	0.028575897216796875
514	0.028569936752319336
515	0.02870917320251465
516	0.030946969985961914
517	0.029188156127929688
518	0.0283510684967041
519	0.029637813568115234
520	0.03286004066467285
521	0.03319907188415527
522	0.03120708465576172
523	0.029408931732177734
524	0.028769969940185547
525	0.028940916061401367
526	0.028970956802368164
527	0.031075000762939453
528	0.02964305877685547
529	0.03810596466064453
530	0.03220200538635254
531	0.028532028198242188
532	0.028472900390625
533	0.031301021575927734
534	0.028294086456298828
535	0.02832508087158203
536	0.03216695785522461
537	0.03429102897644043
538	0.02987217903137207
539	0.028722047805786133
540	0.03075385093688965
541	0.028985023498535156
542	0.02849888801574707
543	0.028445959091186523
544	0.02831888198852539
545	0.028298139572143555
546	0.028289794921875
547	0.028286218643188477
548	0.02827596664428711
549	0.02821493148803711
550	0.028451919555664062
551	0.028560876846313477
552	0.02831411361694336
553	0.0281679630279541
554	0.032980918884277344
555	0.03324103355407715
556	0.029722929000854492
557	0.03331804275512695
558	0.028901100158691406
559	0.0282590389251709
560	0.02826213836669922
561	0.028287172317504883
562	0.02819991111755371
563	0.042584896087646484
564	0.03749990463256836
565	0.02993488311767578
566	0.0368499755859375
567	0.03516197204589844
568	0.028414011001586914
569	0.0345149040222168
570	0.035160064697265625
571	0.036991119384765625
572	0.029422998428344727
573	0.028242111206054688
574	0.028306961059570312
575	0.028712034225463867
576	0.028318166732788086
577	0.02832794189453125
578	0.02826404571533203
579	0.028418779373168945
580	0.02843499183654785
581	0.02912592887878418
582	0.028741836547851562
583	0.028811931610107422
584	0.028792142868041992
585	0.029186010360717773
586	0.02914595603942871
587	0.02919602394104004
588	0.028973102569580078
589	0.029056072235107422
590	0.02909994125366211
591	0.03032207489013672
592	0.030234098434448242
593	0.02850794792175293
594	0.028423070907592773
595	0.02822089195251465
596	0.034870147705078125
597	0.0286099910736084
598	0.030178070068359375
599	0.03436994552612305
600	0.04019498825073242
601	0.04131484031677246
602	0.034303903579711914
603	0.031414031982421875
604	0.029712915420532227
605	0.029633045196533203
606	0.02971792221069336
607	0.02963995933532715
608	0.029472827911376953
609	0.02950596809387207
610	0.02932596206665039
611	0.029356002807617188
612	0.030668973922729492
613	0.032351016998291016
614	0.03767895698547363
615	0.03994107246398926
616	0.03961801528930664
617	0.032939910888671875
618	0.02965402603149414
619	0.02951502799987793
620	0.02939295768737793
621	0.029475927352905273
622	0.03270697593688965
623	0.029407978057861328
624	0.029473066329956055
625	0.029307126998901367
626	0.029523849487304688
627	0.030424833297729492
628	0.02954888343811035
629	0.02950000762939453
630	0.029661893844604492
631	0.040184974670410156
632	0.02950596809387207
633	0.029314041137695312
634	0.034448862075805664
635	0.02998208999633789
636	0.02981114387512207
637	0.029222965240478516
638	0.029697895050048828
639	0.029133081436157227
640	0.032775163650512695
641	0.02924513816833496
642	0.028316020965576172
643	0.028345823287963867
644	0.03274106979370117
645	0.028580904006958008
646	0.02867603302001953
647	0.028690099716186523
648	0.03437304496765137
649	0.029429912567138672
650	0.02935504913330078
651	0.030380964279174805
652	0.0303800106048584
653	0.02895212173461914
654	0.028827190399169922
655	0.028522968292236328
656	0.0286099910736084
657	0.028490066528320312
658	0.028597116470336914
659	0.028573989868164062
660	0.02966904640197754
661	0.031244993209838867
662	0.029972076416015625
663	0.03302192687988281
664	0.03819108009338379
665	0.033248186111450195
666	0.0298159122467041
667	0.028933048248291016
668	0.02905893325805664
669	0.028964996337890625
670	0.028834819793701172
671	0.028882980346679688
672	0.028817176818847656
673	0.02872014045715332
674	0.02878880500793457
675	0.028799057006835938
676	0.03009200096130371
677	0.0321650505065918
678	0.02971816062927246
679	0.02869582176208496
680	0.028720855712890625
681	0.02849602699279785
682	0.02852606773376465
683	0.028547048568725586
684	0.028866052627563477
685	0.028884172439575195
686	0.0287630558013916
687	0.02930593490600586
688	0.03485417366027832
689	0.02858591079711914
690	0.028506040573120117
691	0.02853989601135254
692	0.03836703300476074
693	0.029675006866455078
694	0.029693126678466797
695	0.027782917022705078
696	0.027729034423828125
697	0.03149604797363281
698	0.038114070892333984
699	0.02831292152404785
700	0.028457164764404297
701	0.02875208854675293
702	0.02870488166809082
703	0.02785491943359375
704	0.02786993980407715
705	0.028135061264038086
706	0.02808380126953125
707	0.02850198745727539
708	0.03232002258300781
709	0.029793977737426758
710	0.02773118019104004
711	0.027777910232543945
712	0.027759075164794922
713	0.027792930603027344
714	0.03173494338989258
715	0.02996206283569336
716	0.027728796005249023
717	0.027752161026000977
718	0.02807903289794922
719	0.029417037963867188
720	0.02938985824584961
721	0.028717994689941406
722	0.029137849807739258
723	0.029388904571533203
724	0.027770042419433594
725	0.02778792381286621
726	0.03359699249267578
727	0.027495861053466797
728	0.030354022979736328
729	0.028793811798095703
730	0.02828216552734375
731	0.027842044830322266
732	0.0473780632019043
733	0.02958083152770996
734	0.03199481964111328
735	0.0312039852142334
736	0.02748894691467285
737	0.02802109718322754
738	0.027441024780273438
739	0.02742791175842285
740	0.027471065521240234
741	0.02752399444580078
742	0.027374982833862305
743	0.027611970901489258
744	0.02742600440979004
745	0.027408838272094727
746	0.027561187744140625
747	0.02783823013305664
748	0.027556896209716797
749	0.027741193771362305
750	0.027922868728637695
751	0.027887821197509766
752	0.027626991271972656
753	0.03134799003601074
754	0.03125500679016113
755	0.027433156967163086
756	0.027484893798828125
757	0.027550935745239258
758	0.027460813522338867
759	0.02737903594970703
760	0.02731800079345703
761	0.027465105056762695
762	0.027414798736572266
763	0.031216144561767578
764	0.03878498077392578
765	0.042320966720581055
766	0.0482640266418457
767	0.030232906341552734
768	0.028567075729370117
769	0.028294086456298828
770	0.028776884078979492
771	0.02825188636779785
772	0.028284072875976562
773	0.028213977813720703
774	0.02825784683227539
775	0.02834296226501465
776	0.028885841369628906
777	0.02831578254699707
778	0.028249025344848633
779	0.02857208251953125
780	0.02859187126159668
781	0.02853703498840332
782	0.028641223907470703
783	0.028554916381835938
784	0.028669118881225586
785	0.0284578800201416
786	0.028545141220092773
787	0.030892133712768555
788	0.034175872802734375
789	0.028491973876953125
790	0.028664112091064453
791	0.033721923828125
792	0.028386831283569336
793	0.028322935104370117
794	0.029133081436157227
795	0.02848505973815918
796	0.029642105102539062
797	0.028553009033203125
798	0.02861499786376953
799	0.03344988822937012
800	0.029385089874267578
801	0.029072046279907227
802	0.028717041015625
803	0.029369115829467773
804	0.030367136001586914
805	0.029834985733032227
806	0.028610944747924805
807	0.028404951095581055
808	0.028630971908569336
809	0.02837514877319336
810	0.028241872787475586
811	0.028269052505493164
812	0.02863788604736328
813	0.028398990631103516
814	0.028204917907714844
815	0.028321027755737305
816	0.028295040130615234
817	0.03961682319641113
818	0.031347036361694336
819	0.028376102447509766
820	0.02879500389099121
821	0.02861309051513672
822	0.028293132781982422
823	0.02827000617980957
824	0.028304100036621094
825	0.028357982635498047
826	0.028284072875976562
827	0.028421878814697266
828	0.02850794792175293
829	0.033637046813964844
830	0.02957296371459961
831	0.03125
832	0.0291597843170166
833	0.03568410873413086
834	0.03206801414489746
835	0.02925705909729004
836	0.028658151626586914
837	0.02965402603149414
838	0.02992105484008789
839	0.031190872192382812
840	0.028412818908691406
841	0.028463125228881836
842	0.028409957885742188
843	0.02831292152404785
844	0.02907109260559082
845	0.03091907501220703
846	0.03084087371826172
847	0.029037952423095703
848	0.028198957443237305
849	0.028324127197265625
850	0.028645992279052734
851	0.028313159942626953
852	0.028369903564453125
853	0.028464078903198242
854	0.03521990776062012
855	0.04047203063964844
856	0.029298067092895508
857	0.03608107566833496
858	0.03188896179199219
859	0.04509687423706055
860	0.03341102600097656
861	0.028644084930419922
862	0.028778076171875
863	0.0342259407043457
864	0.02965402603149414
865	0.041278839111328125
866	0.029333829879760742
867	0.029427051544189453
868	0.02858901023864746
869	0.03016805648803711
870	0.032447099685668945
871	0.03383803367614746
872	0.028331995010375977
873	0.028442859649658203
874	0.02885890007019043
875	0.029567956924438477
876	0.0300290584564209
877	0.035295963287353516
878	0.03531503677368164
879	0.03561592102050781
880	0.0379328727722168
881	0.029855966567993164
882	0.029221057891845703
883	0.031273841857910156
884	0.029275894165039062
885	0.03024888038635254
886	0.03623700141906738
887	0.03132796287536621
888	0.030373811721801758
889	0.04080986976623535
890	0.03763389587402344
891	0.03152012825012207
892	0.029298782348632812
893	0.02932119369506836
894	0.031481027603149414
895	0.02850198745727539
896	0.03405499458312988
897	0.04948711395263672
898	0.02837395668029785
899	0.02837514877319336
900	0.03324699401855469
901	0.03766202926635742
902	0.03763604164123535
903	0.03389096260070801
904	0.030781984329223633
905	0.03156399726867676
906	0.02848505973815918
907	0.03283977508544922
908	0.029151201248168945
909	0.028841018676757812
910	0.04068398475646973
911	0.03133893013000488
912	0.028428077697753906
913	0.032708168029785156
914	0.03343391418457031
915	0.029806852340698242
916	0.029285192489624023
917	0.029367923736572266
918	0.03331613540649414
919	0.0468440055847168
920	0.03580498695373535
921	0.03411984443664551
922	0.029796123504638672
923	0.02993178367614746
924	0.03390622138977051
925	0.030896902084350586
926	0.028745174407958984
927	0.03495907783508301
928	0.028536081314086914
929	0.03454899787902832
930	0.035340070724487305
931	0.0288240909576416
932	0.02835392951965332
933	0.028660058975219727
934	0.028551101684570312
935	0.028338909149169922
936	0.028425931930541992
937	0.029946088790893555
938	0.03121805191040039
939	0.031129837036132812
940	0.03113102912902832
941	0.032768964767456055
942	0.03194785118103027
943	0.028532028198242188
944	0.0335698127746582
945	0.02826404571533203
946	0.028366804122924805
947	0.032251834869384766
948	0.034110069274902344
949	0.02912616729736328
950	0.028451919555664062
951	0.03293895721435547
952	0.028793811798095703
953	0.028824806213378906
954	0.028522968292236328
955	0.028709888458251953
956	0.028527021408081055
957	0.028734207153320312
958	0.029336929321289062
959	0.02880096435546875
960	0.04558897018432617
961	0.029592037200927734
962	0.02988409996032715
963	0.028554916381835938
964	0.0284421443939209
965	0.028423070907592773
966	0.028377771377563477
967	0.028491973876953125
968	0.03802895545959473
969	0.028064966201782227
970	0.03353595733642578
971	0.03480720520019531
972	0.027530908584594727
973	0.027837038040161133
974	0.027988195419311523
975	0.027660131454467773
976	0.02822709083557129
977	0.030148029327392578
978	0.027764081954956055
979	0.02820897102355957
980	0.028010845184326172
981	0.028223037719726562
982	0.029227018356323242
983	0.027734994888305664
984	0.028036117553710938
985	0.028184175491333008
986	0.029973983764648438
987	0.03114604949951172
988	0.027781009674072266
989	0.02755594253540039
990	0.02781200408935547
991	0.03320002555847168
992	0.03801608085632324
993	0.038353919982910156
994	0.03464698791503906
995	0.03226780891418457
996	0.03711295127868652
997	0.03814101219177246
998	0.029440879821777344
999	0.028376102447509766
