0	1.1920928955078125e-06
1	0.03106403350830078
2	0.05936288833618164
3	0.09549498558044434
4	0.13953804969787598
5	0.1402888298034668
6	0.17112207412719727
7	0.1925501823425293
8	0.2331850528717041
9	0.2722890377044678
10	0.2814209461212158
11	0.3281569480895996
12	0.3639678955078125
13	0.5555629730224609
14	0.4990880489349365
15	0.4286460876464844
16	0.45873022079467773
17	0.4962170124053955
18	0.5252668857574463
19	0.5752499103546143
20	0.6242740154266357
21	0.5952610969543457
22	0.724520206451416
23	0.6956419944763184
24	0.6961002349853516
25	0.7614459991455078
26	0.7733430862426758
27	0.8085169792175293
28	0.8124208450317383
29	0.8812370300292969
30	0.8528921604156494
31	0.906378984451294
32	0.9463191032409668
33	0.981158971786499
34	1.0071089267730713
35	1.046985149383545
36	1.0346369743347168
37	1.0816388130187988
38	1.0881619453430176
39	1.168370008468628
40	1.1730849742889404
41	1.1890549659729004
42	1.2143950462341309
43	1.2551569938659668
44	1.2531671524047852
45	1.2957251071929932
46	1.3576080799102783
47	1.428001880645752
48	1.412113904953003
49	1.4525508880615234
50	1.4559171199798584
51	1.477776050567627
52	1.5558691024780273
53	1.5708329677581787
54	1.595733880996704
55	1.6695599555969238
56	1.6177809238433838
57	1.6186609268188477
58	1.6475059986114502
59	1.7517340183258057
60	1.8791320323944092
61	2.0681209564208984
62	1.8742849826812744
63	1.852349042892456
64	1.9157860279083252
65	1.9447839260101318
66	1.9686038494110107
67	2.020811080932617
68	2.1200780868530273
69	2.0621821880340576
70	2.0581881999969482
71	2.2059290409088135
72	2.184314012527466
73	2.2923319339752197
74	2.2401950359344482
75	2.252307891845703
76	2.2630858421325684
77	2.242727041244507
78	2.349634885787964
79	2.3708999156951904
80	2.507148027420044
81	2.4757280349731445
82	2.5620040893554688
83	2.5185000896453857
84	2.5044808387756348
85	2.4752838611602783
86	2.494088888168335
87	2.5300889015197754
88	2.7167229652404785
89	2.7063331604003906
90	2.831467866897583
91	2.8225488662719727
92	2.7811789512634277
93	2.864633083343506
94	2.849407911300659
95	3.0975570678710938
96	2.8036980628967285
97	2.9168059825897217
98	3.0050160884857178
99	2.98073410987854
